y_pred

 0 0 0 0 0 0 0 1 0 1 0 0 0 0 0 0 0 0 1 0 0 1 0 1 0 1 0 0 0 0 0 0 1 0 0 0 0
 0 0 1 0 0 0 0 1 0 0 1 0 1 1 0 0 0 1 0 0 0 0 0 0 1 0 0 0 1 0 0 0 0 1 0 0 0
 0 0 1 0 1 1 1 1 0 0 1 1 0 1 0 0 0 1 0 0 0 0 0 0 1 1 0 0 0 0 1 1 0 0 0 0 0
 0 0 1 1 1 1 0 1 1

1= 35
0 = 85

y_test

 0 0 0 0 0 0 0 1 0 0 0 0 0 0 0 0 0 0 1 0 0 1 0 1 0 1 0 0 0 0 0 1 1 0 0 0 0
 0 0 1 0 0 0 0 1 0 0 1 0 1 1 0 0 0 1 1 0 0 1 0 0 1 0 1 0 1 0 0 0 0 1 0 0 1
 0 0 0 0 1 1 1 0 0 0 1 1 0 1 1 0 0 1 0 0 0 1 0 1 1 1 0 1 0 1 1 1 0 0 0 0 0
 0 1 1 1 0 1 0 0 1

1 =41
0=79

total = 120

1 matches = 30

400 